[{"id": 0, "img_name": "001", "width": 1920, "height": 1080, "position": [-3.1484238992652753, -0.18253187321320524, -2.206929435876783], "rotation": [[-0.5058795287935861, -0.020223556124530584, 0.8623670390995106], [0.053430463232410186, -0.9985401143661767, 0.0079262601744295], [0.8609477846805514, 0.050086403137584605, 0.5062215565089956]], "fy": 1010.7411786362187, "fx": 1010.7411786362188, "prcp": [0.5217124314191014, 0.49829552437332997]}, {"id": 1, "img_name": "002", "width": 1920, "height": 1080, "position": [3.5107118074945913, -0.18748880413631702, -2.5026059326360084], "rotation": [[-0.5306020050090834, -0.01883457648956341, -0.8474118072158304], [0.00592585166606562, -0.9998110889718077, 0.018511365455823856], [-0.8476003755086312, 0.004800530956682412, 0.5306133793452265]], "fy": 1031.3291107647283, "fx": 1031.3291107647283, "prcp": [0.4855206601563796, 0.4775574254424832]}, {"id": 2, "img_name": "003", "width": 1920, "height": 1080, "position": [3.551259297531951, -0.18176466431194152, -0.4477994108717656], "rotation": [[-0.028420807070474324, -0.3175622384277258, -0.9478114171343555], [-0.013758388808789766, -0.9479803476501775, 0.3180313934290684], [-0.9995013579094572, 0.02207906686934617, 0.02257322181988874]], "fy": 1003.1599441762285, "fx": 1003.1599441762285, "prcp": [0.49905591372770314, 0.5084547739853571]}, {"id": 3, "img_name": "004", "width": 1920, "height": 1080, "position": [-3.0024779414243654, -0.1643161085429575, 1.845160435655943], "rotation": [[0.5403415187999943, 0.009442815497712654, 0.841392819256494], [0.044493454662636565, -0.9988587674599194, -0.017363616001121802], [0.8402686329698967, 0.046818755898962824, -0.5401450069592184]], "fy": 1001.5853973611075, "fx": 1001.5853973611074, "prcp": [0.4790050112770629, 0.40763115383838266]}, {"id": 4, "img_name": "005", "width": 1920, "height": 1080, "position": [2.35655608610778, 1.9469350074132012, -4.015563132899438], "rotation": [[-0.7436206320494824, 0.4375543473311102, -0.5055438148390051], [-0.1617911995359034, -0.8514106128303669, -0.4989224149229541], [-0.6487310408351536, -0.28921646130790185, 0.7039189407634043]], "fy": 1017.2217270154628, "fx": 1017.2217270154628, "prcp": [0.5094142926111911, 0.46408093008177503]}, {"id": 5, "img_name": "006", "width": 1920, "height": 1080, "position": [2.97733689857353, 1.9571967928638785, -3.185877955242281], "rotation": [[-0.5802665789061298, 0.5101268862017451, -0.634871055710282], [-0.12619108691236797, -0.8264328801349458, -0.5487116767626999], [-0.8045908941744567, -0.2382839789116551, 0.5439248462844648]], "fy": 1037.8028207411498, "fx": 1037.8028207411498, "prcp": [0.46879663072225214, 0.5629127466889113]}, {"id": 6, "img_name": "007", "width": 1920, "height": 1080, "position": [1.4143389651741975, 1.9599032010813475, -4.548421751499394], "rotation": [[-0.9328565851691448, 0.22746171508300045, -0.27935597304883547], [-0.11229123267376757, -0.9204177858636473, -0.3744619854277156], [-0.34229997162016773, -0.3179501024333234, 0.8841597490224666]], "fy": 1010.6393993952288, "fx": 1010.6393993952288, "prcp": [0.5005493141693325, 0.47089079941934375]}, {"id": 7, "img_name": "008", "width": 1920, "height": 1080, "position": [-0.7697869590887918, 1.965674288626219, -4.631194557017493], "rotation": [[-0.9803346196301682, -0.09327272294683486, 0.17390869072204607], [-0.004851675217308551, -0.869595593056954, -0.4937407880492659], [0.19728277877746717, -0.48487493613302746, 0.8520421359931873]], "fy": 1021.5149985860411, "fx": 1021.5149985860411, "prcp": [0.47704189987010087, 0.509994895142591]}, {"id": 8, "img_name": "009", "width": 1920, "height": 1080, "position": [0.29846478978307006, 1.845037843693673, -4.5216757158142675], "rotation": [[-0.9965721917146458, -0.08262935585000558, -0.004031904373941677], [0.0777077536764688, -0.9182689325283521, -0.38825722475157903], [0.028379071859817997, -0.3872396636516642, 0.9215422243040853]], "fy": 957.1216939972877, "fx": 957.1216939972876, "prcp": [0.5171473767484336, 0.48135438590183366]}, {"id": 9, "img_name": "010", "width": 1920, "height": 1080, "position": [-1.7901847501335408, 1.9674717997788482, -4.170278653240577], "rotation": [[-0.8168888466496016, -0.301674149487036, 0.49161501172234084], [0.01849931787639951, -0.8655861748078741, -0.5004181743497933], [0.5764983846096984, -0.3996914829124403, 0.7126684580010976]], "fy": 1005.2123234672097, "fx": 1005.2123234672097, "prcp": [0.519570154492808, 0.5035425314307719]}, {"id": 10, "img_name": "011", "width": 1920, "height": 1080, "position": [-2.790753191233284, 1.8731266672436544, -2.3713148908180415], "rotation": [[-0.3688334409681495, -0.6050252415114912, 0.7056247940354393], [0.12106195592222567, -0.7839508345032277, -0.6089048299282721], [0.921577937915117, -0.1391601459314225, 0.36239282295937547]], "fy": 1001.2212179132615, "fx": 1001.2212179132616, "prcp": [0.5221644957062642, 0.5882806882509025]}, {"id": 11, "img_name": "012", "width": 1920, "height": 1080, "position": [-2.452441864993333, 1.8770938452618835, -3.3016959214612536], "rotation": [[-0.5784647965870156, -0.5105795641072308, 0.6361501299423061], [0.11955331982403097, -0.8245217826853972, -0.5530559045850137], [0.8068986818855237, -0.24386951140592644, 0.5379983072259977]], "fy": 997.0905781428742, "fx": 997.090578142874, "prcp": [0.4966915446055939, 0.5175891538589926]}, {"id": 12, "img_name": "013", "width": 1920, "height": 1080, "position": [-2.9519951554850214, 1.943728693661451, -1.290330906993941], "rotation": [[-0.2526194348421189, -0.47052002213952937, 0.8454551022413112], [-0.03482028277744203, -0.8688090819386306, -0.4939213773954849], [0.9669389686259147, -0.15421312494976197, 0.2030944190416902]], "fy": 1009.610185936017, "fx": 1009.6101859360169, "prcp": [0.5030030360953435, 0.47217343359822084]}, {"id": 13, "img_name": "014", "width": 1920, "height": 1080, "position": [-2.691537829072695, 1.81701068383166, 0.8049792229472835], "rotation": [[0.15199691761797773, -0.6382674240375352, 0.7546599449070567], [-0.10294057457471116, -0.7696019241951412, -0.6301714975951899], [0.9830056841854278, 0.018098996867921668, -0.1826807356332714]], "fy": 953.7577478259185, "fx": 953.7577478259185, "prcp": [0.47201080608755736, 0.5299389201692093]}, {"id": 14, "img_name": "015", "width": 1920, "height": 1080, "position": [-2.7796008141380355, 1.807087642531552, -0.214635249820725], "rotation": [[0.04990668832688678, -0.5342039922999438, 0.8438811628843509], [-0.016250155142726326, -0.8452565188369012, -0.5341136113427184], [0.9986216775726836, 0.012942641713534044, -0.050864851394600695]], "fy": 935.8505363790683, "fx": 935.8505363790684, "prcp": [0.4801874630191126, 0.46531619612180136]}, {"id": 15, "img_name": "016", "width": 1920, "height": 1080, "position": [-2.6631590902296884, 1.962360780276909, 1.927845314837429], "rotation": [[0.3503608557238062, -0.5731033606310729, 0.740810238056854], [-0.07896875323194512, -0.8062032616994086, -0.586344810532358], [0.9332798116264353, 0.14693140868651977, -0.3277193225184022]], "fy": 1026.9962943137234, "fx": 1026.9962943137234, "prcp": [0.47434569635777585, 0.5007610734244198]}, {"id": 16, "img_name": "017", "width": 1920, "height": 1080, "position": [-2.271052610095589, 1.9848646830976497, 2.9461885380295696], "rotation": [[0.6281966342200648, -0.46932091423421585, 0.6205697931876332], [-0.060486900568706904, -0.824635934899026, -0.5624205808225735], [0.775699892751168, 0.31577437251235135, -0.5464212862345844]], "fy": 1044.5602644950625, "fx": 1044.5602644950625, "prcp": [0.4678165425204199, 0.4996530662527258]}, {"id": 17, "img_name": "018", "width": 1920, "height": 1080, "position": [-1.5243646384041418, 1.9665431504693598, 3.6901761759052643], "rotation": [[0.8675154423018682, -0.17705630709898992, 0.4648311752499633], [0.026631910160491518, -0.9166288235959344, -0.3988512769370769], [0.49669678751628493, 0.3583889840237858, -0.7904743116644596]], "fy": 1016.9691896381223, "fx": 1016.9691896381222, "prcp": [0.5065388438249931, 0.47581218383054147]}, {"id": 18, "img_name": "019", "width": 1920, "height": 1080, "position": [-0.5189630842823486, 2.0720169141930587, 4.23485001349591], "rotation": [[0.9869321749658602, -0.07162799365446816, 0.1443409593365355], [0.009242896751654102, -0.8691302122801862, -0.49449695950676636], [0.1608709137065934, 0.4893690883442003, -0.8571105205843481]], "fy": 1071.4861168335265, "fx": 1071.4861168335265, "prcp": [0.5193791785602865, 0.5116109491529537]}, {"id": 19, "img_name": "020", "width": 1920, "height": 1080, "position": [1.6637698914060544, 1.976655248346185, 3.7124718150972407], "rotation": [[0.9406225197327589, 0.10601119439492826, -0.3224762038268197], [-0.05285868269450835, -0.8926532310464687, -0.4476339673953499], [-0.33531363681693166, 0.4381002576639972, -0.8340461193479305]], "fy": 991.2711077584544, "fx": 991.2711077584544, "prcp": [0.48756010479801454, 0.4515591576174657]}, {"id": 20, "img_name": "021", "width": 1920, "height": 1080, "position": [0.5966268172997073, 1.9818858714384988, 3.9833500595277984], "rotation": [[0.9978547109689266, -0.0208987880600405, -0.06204205392103773], [-0.03428918416528172, -0.9741338546655626, -0.2233550649609091], [-0.05576941497271456, 0.22500327520290464, -0.9727606583849734]], "fy": 1005.0543073385525, "fx": 1005.0543073385526, "prcp": [0.5258092642305499, 0.47612182974405515]}, {"id": 21, "img_name": "022", "width": 1920, "height": 1080, "position": [3.604639472577063, -0.12166975978812097, 1.5891366850025372], "rotation": [[0.46760187173757933, 0.02226840726187541, -0.8836586487923561], [-0.010002442551087159, -0.999485321321387, -0.030480216634665724], [-0.8838825944041014, 0.023091351218653428, -0.46713846855977476]], "fy": 996.7758844802756, "fx": 996.7758844802756, "prcp": [0.5276951099686044, 0.49276065988947865]}, {"id": 22, "img_name": "023", "width": 1920, "height": 1080, "position": [2.503886724539965, 1.927613027493623, 3.06417620313123], "rotation": [[0.767117709718933, 0.23921149950922158, -0.5952380010870677], [-0.11259628585472538, -0.8632639879745198, -0.4920339048053998], [-0.6315476987902808, 0.4444695102803767, -0.6352907669593686]], "fy": 989.013867188297, "fx": 989.0138671882969, "prcp": [0.5284974696236971, 0.47321956326896225]}, {"id": 23, "img_name": "024", "width": 1920, "height": 1080, "position": [3.0067189278581616, 1.9526308653425464, 2.1771563389276145], "rotation": [[0.4901136209738339, 0.5210143340726616, -0.6988080582153721], [-0.008866198659281585, -0.7986780031889235, -0.601693308707591], [-0.8716134631000442, 0.30109385731524835, -0.38682355154485243]], "fy": 993.9545760835587, "fx": 993.9545760835585, "prcp": [0.45887291265836244, 0.540166559848165]}]