{
    "aabb_scale": 2,
    "frames": [
        {
            "fl_x": 1032.197071298491,
            "fl_y": 1032.206187605964,
            "cx": 916.3734437824138,
            "cy": 496.73427599299356,
            "dist": [
                -0.1756765503092856,
                0.02967932532844606,
                -0.0018533600964112237,
                -0.0017409715238862324,
                -0.0004404060111073295,
                0.0,
                0.0,
                0.0,
                0.0039804396070935,
                -0.0010686711697246041,
                0.0025517808317618955,
                0.0002853590333015486
            ],
            "w": 1920,
            "h": 1080,
            "file_path": "u_image/001.png",
            "sharpness": 20,
            "transform_matrix": [
                [
                    -0.8199226718040621,
                    0.22452245092432743,
                    -0.5266084705857105,
                    -2.7023149912098554
                ],
                [
                    -0.070594759901597,
                    0.8732059304269669,
                    0.48221134675742644,
                    2.6319603189311347
                ],
                [
                    0.5681049129660154,
                    0.43255181435072954,
                    -0.7001112309953095,
                    -2.921684614526356
                ],
                [
                    0.0,
                    0.0,
                    0.0,
                    1.0
                ]
            ]
        },
        {
            "fl_x": 991.7427725505919,
            "fl_y": 991.7830804555107,
            "cx": 895.8071275947586,
            "cy": 554.0468829370938,
            "dist": [
                -0.17523789108516424,
                0.03625942165665146,
                0.0003740922875000222,
                -0.001606945196001389,
                -0.004966453384931687,
                0.0,
                0.0,
                0.0,
                -0.00045306594804041,
                0.0018085319449198357,
                -0.0003333185005445606,
                0.00043042179066667076
            ],
            "w": 1920,
            "h": 1080,
            "file_path": "u_image/002.png",
            "sharpness": 20,
            "transform_matrix": [
                [
                    -0.5954163530988328,
                    0.2810902924786216,
                    -0.7526404280509843,
                    -3.4931521156338703
                ],
                [
                    -0.0025785532818471757,
                    0.9361254597361214,
                    0.3516567569332457,
                    2.5586711709745797
                ],
                [
                    0.8034131673836686,
                    0.21132290720155758,
                    -0.5566596009828834,
                    -2.292367662177105
                ],
                [
                    0.0,
                    0.0,
                    0.0,
                    1.0
                ]
            ]
        },
        {
            "fl_x": 1015.8020324021147,
            "fl_y": 1016.3447553943312,
            "cx": 943.3972401629076,
            "cy": 525.5745977126768,
            "dist": [
                -0.17626056171568652,
                0.03551502844899477,
                0.00010349333633081913,
                -0.0021970851565234683,
                -0.0055273472444056695,
                0.0,
                0.0,
                0.0,
                0.0025835156552569518,
                0.0015261531829364211,
                -0.0014340981257713653,
                0.00019840399698331808
            ],
            "w": 1920,
            "h": 1080,
            "file_path": "u_image/003.png",
            "sharpness": 20,
            "transform_matrix": [
                [
                    -0.3695408095811479,
                    0.38253696977276674,
                    -0.8468205576219671,
                    -4.175189440053495
                ],
                [
                    -0.012555873903328012,
                    0.9091906097273994,
                    0.41619080385568774,
                    2.58487539197659
                ],
                [
                    0.9291296680682594,
                    0.16443205873730696,
                    -0.3311799480264127,
                    -1.4246319047564522
                ],
                [
                    0.0,
                    0.0,
                    0.0,
                    1.0
                ]
            ]
        },
        {
            "fl_x": 957.7939559970557,
            "fl_y": 957.6183540327064,
            "cx": 1001.7370641663667,
            "cy": 512.3684565966837,
            "dist": [
                -0.16239897458302538,
                0.038841727956003345,
                -0.004665516214426263,
                -0.009611526190661104,
                -0.008537656125000237,
                0.0,
                0.0,
                0.0,
                0.006793791646815019,
                0.003079907090525892,
                0.007092974395633439,
                -0.00019578253579283531
            ],
            "w": 1920,
            "h": 1080,
            "file_path": "u_image/004.png",
            "sharpness": 20,
            "transform_matrix": [
                [
                    -0.01879787343127917,
                    0.3780472227950311,
                    -0.9255954501246346,
                    -4.163418710873213
                ],
                [
                    -0.025757246459707023,
                    0.9252686691896042,
                    0.3784368561212196,
                    2.484590240806005
                ],
                [
                    0.9994914728046832,
                    0.03095459825394147,
                    -0.007655627842414192,
                    -0.3668029917149186
                ],
                [
                    0.0,
                    0.0,
                    0.0,
                    1.0
                ]
            ]
        },
        {
            "fl_x": 1036.8486878158951,
            "fl_y": 1038.4831274503672,
            "cx": 1001.4284315937331,
            "cy": 491.91493076686186,
            "dist": [
                -0.1782282497768358,
                0.020310796055725153,
                0.002996459856860329,
                -0.002769640016158219,
                0.008823693496623269,
                0.0,
                0.0,
                0.0,
                0.006272045442357496,
                0.0013763592245331748,
                -0.003093388778682934,
                -0.00047054539487022436
            ],
            "w": 1920,
            "h": 1080,
            "file_path": "u_image/005.png",
            "sharpness": 20,
            "transform_matrix": [
                [
                    0.7646452444704124,
                    0.27859472265040186,
                    -0.5811218724330804,
                    -3.227039079880727
                ],
                [
                    -0.03965734837486824,
                    0.9203633024226167,
                    0.3890484369247733,
                    2.5861727329748487
                ],
                [
                    0.643230087005154,
                    -0.2744382846198406,
                    0.7147997503540844,
                    2.5102517241940285
                ],
                [
                    0.0,
                    0.0,
                    0.0,
                    1.0
                ]
            ]
        },
        {
            "fl_x": 1489.3407024162457,
            "fl_y": 1479.573170931816,
            "cx": 967.5567940193852,
            "cy": 486.82325305752,
            "dist": [
                -0.1761855265717822,
                -0.2560897235334662,
                0.036106430033158686,
                -0.02003322480697794,
                0.29900048618758507,
                0.0,
                0.0,
                0.0,
                0.02823350975561082,
                0.02259562635102556,
                -0.045245078718339396,
                0.02125486162621828
            ],
            "w": 1920,
            "h": 1080,
            "file_path": "u_image/007.png",
            "sharpness": 20,
            "transform_matrix": [
                [
                    0.5137051279622449,
                    0.47370421020803666,
                    -0.7153400329469012,
                    -5.35806450841581
                ],
                [
                    0.0038232983523789482,
                    0.8324897027715794,
                    0.5540273252909067,
                    3.3129331602403123
                ],
                [
                    0.8579582879691776,
                    -0.287341636402502,
                    0.4258431167631221,
                    2.450568614651529
                ],
                [
                    0.0,
                    0.0,
                    0.0,
                    1.0
                ]
            ]
        },
        {
            "fl_x": 1048.6311459810904,
            "fl_y": 1044.3067605693614,
            "cx": 977.3138581776271,
            "cy": 570.5733422914085,
            "dist": [
                -0.17862142457079563,
                0.029838082487139223,
                0.003257909058777073,
                -0.002593950066101683,
                3.970173397979246e-05,
                0.0,
                0.0,
                0.0,
                0.0053849877190509515,
                0.0027812088926272667,
                -0.008691482434045897,
                0.0021582249308854146
            ],
            "w": 1920,
            "h": 1080,
            "file_path": "u_image/008.png",
            "sharpness": 20,
            "transform_matrix": [
                [
                    0.8947535410489729,
                    0.239665251965276,
                    -0.3767979137160203,
                    -2.2127159430099197
                ],
                [
                    -0.04097875267157969,
                    0.8842845091076901,
                    0.46514691096647437,
                    2.5623540359207495
                ],
                [
                    0.4446761097808226,
                    -0.4007511371819081,
                    0.8010378789031148,
                    2.882850106072795
                ],
                [
                    0.0,
                    0.0,
                    0.0,
                    1.0
                ]
            ]
        },
        {
            "fl_x": 1718.5263140396833,
            "fl_y": 1707.8076869308088,
            "cx": 1021.9515869345048,
            "cy": 532.3677151027717,
            "dist": [
                -0.2020855227143459,
                -0.22811482278014394,
                -0.04561377593034876,
                0.019394239747349547,
                0.2661063138706495,
                0.0,
                0.0,
                0.0,
                -0.024047031629077134,
                -0.010553918016857825,
                0.028453800706178,
                0.020375818589232382
            ],
            "w": 1920,
            "h": 1080,
            "file_path": "u_image/009.png",
            "sharpness": 20,
            "transform_matrix": [
                [
                    0.9681637813063094,
                    0.1017950864555396,
                    -0.2286846145681408,
                    -1.7931530648104836
                ],
                [
                    0.04585185107740816,
                    0.8260014963508173,
                    0.5617999072436609,
                    3.7653267694243047
                ],
                [
                    0.2460823039542768,
                    -0.5543999354254292,
                    0.7950372389271052,
                    4.631832942161806
                ],
                [
                    0.0,
                    0.0,
                    0.0,
                    1.0
                ]
            ]
        },
        {
            "fl_x": 987.8611168163044,
            "fl_y": 992.0404588037674,
            "cx": 986.6836912025086,
            "cy": 570.505152820622,
            "dist": [
                -0.17213151609825847,
                0.03005868283194586,
                -0.008589907172607337,
                0.001355627664771996,
                -0.00230315733959747,
                0.0,
                0.0,
                0.0,
                -0.002635514482959807,
                0.0005669986696042456,
                0.007749536789538086,
                0.00014813985396133007
            ],
            "w": 1920,
            "h": 1080,
            "file_path": "u_image/010.png",
            "sharpness": 20,
            "transform_matrix": [
                [
                    -0.9139531538814527,
                    0.0921274589825821,
                    -0.39522419436512035,
                    -1.9896245563515274
                ],
                [
                    0.1412244296376972,
                    0.985221535496568,
                    -0.09692361150561858,
                    0.4068868501343456
                ],
                [
                    0.38045406159437023,
                    -0.14439895184937324,
                    -0.9134569774878016,
                    -3.40354963432563
                ],
                [
                    0.0,
                    0.0,
                    0.0,
                    1.0
                ]
            ]
        },
        {
            "fl_x": 1024.6073049092927,
            "fl_y": 1023.1548481934927,
            "cx": 921.632671092994,
            "cy": 578.4204572428918,
            "dist": [
                -0.17768329508284053,
                0.026748879982082367,
                0.0024645891284942327,
                1.677920694601433e-05,
                0.0006050587459713434,
                0.0,
                0.0,
                0.0,
                -0.00034627534090400256,
                0.0010414848545050356,
                -0.0036813529961109734,
                0.000666653168082013
            ],
            "w": 1920,
            "h": 1080,
            "file_path": "u_image/011.png",
            "sharpness": 20,
            "transform_matrix": [
                [
                    0.8710262944657875,
                    0.03526065661736981,
                    0.4899692647953655,
                    1.9713010443546854
                ],
                [
                    -0.013272974594265375,
                    0.998745687366169,
                    -0.04827918923199302,
                    0.4181546880172536
                ],
                [
                    -0.49105704606961814,
                    0.035549093692955676,
                    0.8704017689796996,
                    3.2836507539162594
                ],
                [
                    0.0,
                    0.0,
                    0.0,
                    1.0
                ]
            ]
        },
        {
            "fl_x": 1014.6275515620688,
            "fl_y": 1012.9654886757883,
            "cx": 905.4689736557476,
            "cy": 573.4399965327887,
            "dist": [
                -0.177225294269791,
                0.02770368312722845,
                -0.0010724546084907333,
                -0.0018677026792637856,
                0.0007380250965253488,
                0.0,
                0.0,
                0.0,
                0.002896467583417823,
                -6.477554329182466e-05,
                0.000356794773333685,
                0.0004328912302028693
            ],
            "w": 1920,
            "h": 1080,
            "file_path": "u_image/012.png",
            "sharpness": 20,
            "transform_matrix": [
                [
                    0.8675581498511292,
                    -0.0681840219105902,
                    -0.4926396205980408,
                    -2.078934969503046
                ],
                [
                    0.03178929768903338,
                    0.9961344078609679,
                    -0.08188822887275685,
                    0.41635187133578433
                ],
                [
                    0.49631874554496064,
                    0.05538213278283118,
                    0.8663720460570628,
                    3.1967791863361343
                ],
                [
                    0.0,
                    0.0,
                    0.0,
                    1.0
                ]
            ]
        },
        {
            "fl_x": 992.4248518132196,
            "fl_y": 991.8293132637455,
            "cx": 995.136606412059,
            "cy": 537.2984758120626,
            "dist": [
                -0.16967690951397887,
                0.020032515938348067,
                0.0027747641616866145,
                0.006565621870834409,
                0.0077781715144122285,
                0.0,
                0.0,
                0.0,
                -0.010128226872286077,
                -0.004047421902092396,
                -0.004947314056198068,
                0.0024840558571605116
            ],
            "w": 1920,
            "h": 1080,
            "file_path": "u_image/013.png",
            "sharpness": 20,
            "transform_matrix": [
                [
                    -0.03885384562144853,
                    -0.41439831764028184,
                    0.9092658648697471,
                    4.275141188077613
                ],
                [
                    0.0055421675218151325,
                    0.9098496011840641,
                    0.4149011781187898,
                    2.552747981670207
                ],
                [
                    -0.9992295347214198,
                    0.02115981006776087,
                    -0.033054491046021615,
                    -0.2759345838161819
                ],
                [
                    0.0,
                    0.0,
                    0.0,
                    1.0
                ]
            ]
        },
        {
            "fl_x": 1003.3071789628874,
            "fl_y": 1004.9906032391355,
            "cx": 987.745540976945,
            "cy": 559.9407604731767,
            "dist": [
                -0.17585921734187063,
                0.036180754776703725,
                0.0031268668441551918,
                0.003362382008825036,
                -0.0050283729234339635,
                0.0,
                0.0,
                0.0,
                -0.005174785251278761,
                -2.5100227295472713e-05,
                -0.006385570738572897,
                0.00036559608744897904
            ],
            "w": 1920,
            "h": 1080,
            "file_path": "u_image/014.png",
            "sharpness": 20,
            "transform_matrix": [
                [
                    -0.3119160683759481,
                    -0.3551096518709748,
                    0.8812522348550192,
                    4.114019115128336
                ],
                [
                    0.021891012151034384,
                    0.9245945590007805,
                    0.3803231324192044,
                    2.6132117906123056
                ],
                [
                    -0.9498574366060908,
                    0.13792039955796073,
                    -0.28062218998125943,
                    -1.3776725470747648
                ],
                [
                    0.0,
                    0.0,
                    0.0,
                    1.0
                ]
            ]
        },
        {
            "fl_x": 1014.8782461651263,
            "fl_y": 1011.0430684979694,
            "cx": 941.0653056068163,
            "cy": 533.2733367213018,
            "dist": [
                -0.17602774911347305,
                0.03050513829218658,
                0.001118885304693447,
                -0.002539175856090558,
                -0.0008683636059204393,
                0.0,
                0.0,
                0.0,
                0.0024419346997982963,
                0.00011608563384755495,
                -0.0015500376583867167,
                -0.0005327807317034663
            ],
            "w": 1920,
            "h": 1080,
            "file_path": "u_image/015.png",
            "sharpness": 20,
            "transform_matrix": [
                [
                    -0.634211272823146,
                    -0.23858874860309742,
                    0.7354260469034617,
                    3.5435897039800714
                ],
                [
                    0.05707767918173076,
                    0.9341517476007237,
                    0.3522820616973585,
                    2.601030052709167
                ],
                [
                    -0.7710500632016524,
                    0.2653976667088881,
                    -0.578831476806683,
                    -2.295638418957402
                ],
                [
                    0.0,
                    0.0,
                    0.0,
                    1.0
                ]
            ]
        },
        {
            "fl_x": 1009.4675012018553,
            "fl_y": 1010.3160159422271,
            "cx": 1011.5264749386405,
            "cy": 545.5469372991405,
            "dist": [
                -0.16752998366342114,
                0.02519854070410276,
                0.0006451437728181579,
                0.0011749778404218964,
                -0.0006661314377846936,
                0.0,
                0.0,
                0.0,
                -0.001772167856097439,
                -0.00155276773355643,
                -0.00010803538845812242,
                -7.185549355767976e-05
            ],
            "w": 1920,
            "h": 1080,
            "file_path": "u_image/016.png",
            "sharpness": 20,
            "transform_matrix": [
                [
                    0.7251296350716007,
                    -0.3176939290883895,
                    0.6109480990733244,
                    3.104487590728794
                ],
                [
                    -0.01751758803284148,
                    0.8784187469920715,
                    0.47757055922909514,
                    2.579859188161637
                ],
                [
                    -0.6883895310436082,
                    -0.3570029024437481,
                    0.6314022340761081,
                    2.498936953699319
                ],
                [
                    0.0,
                    0.0,
                    0.0,
                    1.0
                ]
            ]
        },
        {
            "fl_x": 1005.3318878308337,
            "fl_y": 1006.5018941259866,
            "cx": 928.3866067205247,
            "cy": 542.1927005502845,
            "dist": [
                -0.17643859809043724,
                0.03304522866438028,
                0.0012551216721825784,
                -0.0006021059352898749,
                -0.002717169772326035,
                0.0,
                0.0,
                0.0,
                0.0007111809246610632,
                1.4859142378643316e-05,
                -0.002764996231515691,
                0.00022849554963081368
            ],
            "w": 1920,
            "h": 1080,
            "file_path": "u_image/017.png",
            "sharpness": 20,
            "transform_matrix": [
                [
                    0.5103836202922097,
                    -0.48407844253035265,
                    0.7107577798482448,
                    3.858731302844369
                ],
                [
                    0.04049920672873688,
                    0.839127101606837,
                    0.5424255908447281,
                    2.616654427143048
                ],
                [
                    -0.8589926509532901,
                    -0.2480600105343409,
                    0.44788152092036787,
                    1.745852933436302
                ],
                [
                    0.0,
                    0.0,
                    0.0,
                    1.0
                ]
            ]
        },
        {
            "fl_x": 1027.2031563968878,
            "fl_y": 1026.3773060588817,
            "cx": 919.0043700473221,
            "cy": 523.3056098634773,
            "dist": [
                -0.17897598660620206,
                0.03643551712266616,
                -0.0015824204866434488,
                0.003997054270494042,
                -0.004611362461332515,
                0.0,
                0.0,
                0.0,
                -0.004315037037139424,
                -0.0004486777410583077,
                0.0024852844589381977,
                0.0005932746518718153
            ],
            "w": 1920,
            "h": 1080,
            "file_path": "u_image/018.png",
            "sharpness": 20,
            "transform_matrix": [
                [
                    0.14623063864276778,
                    -0.42860085741573617,
                    0.8915816874210816,
                    4.279643407686627
                ],
                [
                    0.04856989176048366,
                    0.9032935312665503,
                    0.4262648964979174,
                    2.624479953537853
                ],
                [
                    -0.988057470968416,
                    -0.01902896199221249,
                    0.15290628721212188,
                    0.724966856925201
                ],
                [
                    0.0,
                    0.0,
                    0.0,
                    1.0
                ]
            ]
        },
        {
            "fl_x": 1042.7842093602364,
            "fl_y": 1041.1628586519878,
            "cx": 937.048649813725,
            "cy": 576.9374554671421,
            "dist": [
                -0.1876299643769016,
                0.06299544663955875,
                -0.003987899771742307,
                0.0034821897881720165,
                -0.034433820999682924,
                0.0,
                0.0,
                0.0,
                -0.0011704913813609542,
                0.002642872502174019,
                0.007359606519635528,
                -0.00034209423019974905
            ],
            "w": 1920,
            "h": 1080,
            "file_path": "u_image/019.png",
            "sharpness": 20,
            "transform_matrix": [
                [
                    0.978101379748989,
                    -0.11276123936951632,
                    0.1749359706549038,
                    1.0627272689602174
                ],
                [
                    -0.011825096927139176,
                    0.8090511300980386,
                    0.5876192950965364,
                    2.5879461501712853
                ],
                [
                    -0.20779282474567423,
                    -0.5768198781100883,
                    0.7900006140512018,
                    3.0359226546996987
                ],
                [
                    0.0,
                    0.0,
                    0.0,
                    1.0
                ]
            ]
        },
        {
            "fl_x": 1001.133378757943,
            "fl_y": 1002.1372524693213,
            "cx": 962.879597295496,
            "cy": 563.6588657432014,
            "dist": [
                -0.17351128034356392,
                0.029659446466717,
                0.0018502053876074736,
                -0.00046581161514021996,
                -0.0010944466725110874,
                0.0,
                0.0,
                0.0,
                -0.0001717595351281383,
                0.0002871601515247454,
                -0.001869019348132238,
                -5.476253555912284e-06
            ],
            "w": 1920,
            "h": 1080,
            "file_path": "u_image/020.png",
            "sharpness": 20,
            "transform_matrix": [
                [
                    0.9994625987939876,
                    -0.030378012593757713,
                    0.012316247919768398,
                    -0.05040269601041669
                ],
                [
                    0.01804619230686929,
                    0.8235802355339056,
                    0.5669126304653477,
                    2.5439111984662914
                ],
                [
                    -0.027365097390493476,
                    -0.566385709555573,
                    0.8236858499792495,
                    3.01488817193986
                ],
                [
                    0.0,
                    0.0,
                    0.0,
                    1.0
                ]
            ]
        },
        {
            "fl_x": 969.9377515218463,
            "fl_y": 970.8962978716165,
            "cx": 926.2728396734964,
            "cy": 528.0702328596641,
            "dist": [
                -0.16071919895113704,
                0.02131539104603321,
                0.0034169561592686964,
                0.002385549295288108,
                0.0006266128607430052,
                0.0,
                0.0,
                0.0,
                -0.0022766547776384557,
                -0.0018811008113902366,
                -0.009341902964077163,
                0.0015870994764877002
            ],
            "w": 1920,
            "h": 1080,
            "file_path": "u_image/021.png",
            "sharpness": 20,
            "transform_matrix": [
                [
                    0.8835464156030274,
                    -0.2402608504885424,
                    0.40202046614266274,
                    2.048105365482277
                ],
                [
                    0.029088361061322048,
                    0.884882194845971,
                    0.46490576302659803,
                    2.491341126016409
                ],
                [
                    -0.467439406475115,
                    -0.3990717040421426,
                    0.7888232858550087,
                    2.7882309779335466
                ],
                [
                    0.0,
                    0.0,
                    0.0,
                    1.0
                ]
            ]
        },
        {
            "fl_x": 1010.4981610440769,
            "fl_y": 1007.1972093143369,
            "cx": 970.2445756951997,
            "cy": 575.685463175038,
            "dist": [
                -0.17807007628220167,
                0.030803370973071027,
                0.0036807811553084937,
                0.0009245365960828337,
                -0.0024211770876165065,
                0.0,
                0.0,
                0.0,
                0.00205073244677477,
                -0.003193888524433825,
                -0.004298726706136942,
                -0.0006289997299097519
            ],
            "w": 1920,
            "h": 1080,
            "file_path": "u_image/022.png",
            "sharpness": 20,
            "transform_matrix": [
                [
                    -0.8212546054155566,
                    0.03321307610513695,
                    0.569594386084846,
                    2.0314744116449295
                ],
                [
                    -0.026204192609816258,
                    0.9950552855295374,
                    -0.09580354392922445,
                    0.3961280560354779
                ],
                [
                    -0.5699598348773411,
                    -0.09360486266944452,
                    -0.8163234140408004,
                    -3.44097899373058
                ],
                [
                    0.0,
                    0.0,
                    0.0,
                    1.0
                ]
            ]
        },
        {
            "fl_x": 1000.2979056503868,
            "fl_y": 1000.5681001536046,
            "cx": 998.0181291085751,
            "cy": 592.8377071313,
            "dist": [
                -0.17259630057126843,
                0.03054772028898407,
                0.001235321699023767,
                0.0002266250329202634,
                -0.0019352389840218154,
                0.0,
                0.0,
                0.0,
                2.3720540931609367e-05,
                -0.0008526943856137621,
                -0.0018725572569318202,
                7.635071457717887e-05
            ],
            "w": 1920,
            "h": 1080,
            "file_path": "u_image/023.png",
            "sharpness": 20,
            "transform_matrix": [
                [
                    -0.8000315189182292,
                    -0.2304997110383476,
                    0.5539128559156482,
                    2.632073536568582
                ],
                [
                    0.03973551850994279,
                    0.9008685793728022,
                    0.43226946603660943,
                    2.6047641583927326
                ],
                [
                    -0.5986406746172008,
                    0.36783921203437203,
                    -0.7115642323668296,
                    -2.8241992243706124
                ],
                [
                    0.0,
                    0.0,
                    0.0,
                    1.0
                ]
            ]
        },
        {
            "fl_x": 985.5615211208423,
            "fl_y": 985.2712270303401,
            "cx": 930.5351476434242,
            "cy": 551.8646664478036,
            "dist": [
                -0.18574883325880573,
                0.06602371136766974,
                0.001683157675428843,
                -0.0019711296039988282,
                -0.025464303798347306,
                0.0,
                0.0,
                0.0,
                -0.0003121761960500754,
                0.00626287388994571,
                -0.003570507271565161,
                -0.0020115558783084164
            ],
            "w": 1920,
            "h": 1080,
            "file_path": "u_image/024.png",
            "sharpness": 20,
            "transform_matrix": [
                [
                    -0.9999748321265699,
                    0.004950507201926404,
                    0.005082085387138146,
                    0.021133422045269232
                ],
                [
                    0.004372159175590382,
                    0.9941298849843384,
                    -0.10810483802850478,
                    0.38774791440297074
                ],
                [
                    -0.005587426740619433,
                    -0.10807989757336758,
                    -0.9941265092547071,
                    -3.379254152747299
                ],
                [
                    0.0,
                    0.0,
                    0.0,
                    1.0
                ]
            ]
        }
    ]
}