{
    "aabb_scale": 2,
    "frames": [
        {
            "fl_x": 1010.7411786362189,
            "fl_y": 1001.4660801443252,
            "cx": 1001.6878683246746,
            "cy": 538.1591663231964,
            "dist": [
                -0.18064,
                0.030677,
                -0.0017984,
                -0.00010569,
                0.0
            ],
            "w": 1920,
            "h": 1080,
            "file_path": "./u_images/001.png",
            "sharpness": 20,
            "transform_matrix": [
                [
                    0.4750508867816665,
                    -0.020063359146425656,
                    0.8797295701451174,
                    3.3315225871181497
                ],
                [
                    0.03474326975827095,
                    0.9993881406060268,
                    0.0040310820548080245,
                    -0.1583654255804749
                ],
                [
                    -0.8792721763904824,
                    0.028649712665053357,
                    0.47545728913305574,
                    1.3867323722706626
                ],
                [
                    0.0,
                    0.0,
                    0.0,
                    1.0
                ]
            ]
        },
        {
            "fl_x": 1031.3291107647283,
            "fl_y": 1022.6728395528892,
            "cx": 932.1996675002489,
            "cy": 515.7620194778818,
            "dist": [
                -0.17509,
                0.017718,
                -0.0013427,
                -0.0015074,
                -0.0017984
            ],
            "w": 1920,
            "h": 1080,
            "file_path": "./u_images/002.png",
            "sharpness": 20,
            "transform_matrix": [
                [
                    0.5652905980286018,
                    -0.028895049471863273,
                    -0.8243855990351139,
                    -3.328350858880575
                ],
                [
                    0.030223177203924714,
                    0.9994407864817427,
                    -0.01430642780206368,
                    -0.176498109115108
                ],
                [
                    0.8243379764029831,
                    -0.016828262916120277,
                    0.5658477800849453,
                    1.920296099718169
                ],
                [
                    0.0,
                    0.0,
                    0.0,
                    1.0
                ]
            ]
        },
        {
            "fl_x": 1003.1599441762285,
            "fl_y": 997.1308818767732,
            "cx": 958.18735435719,
            "cy": 549.1311559041857,
            "dist": [
                -0.16706,
                0.012516,
                -0.0021628,
                -0.0018246,
                -0.0013427
            ],
            "w": 1920,
            "h": 1080,
            "file_path": "./u_images/003.png",
            "sharpness": 20,
            "transform_matrix": [
                [
                    0.0026273489717335663,
                    -0.23222115370650764,
                    -0.9726594639485081,
                    -3.3509842907044174
                ],
                [
                    0.051542930275518845,
                    0.971401376938278,
                    -0.23178155927733038,
                    -0.19083256725932468
                ],
                [
                    0.9986673236749032,
                    -0.049524747890687434,
                    0.014521569142834308,
                    -0.13741730414846928
                ],
                [
                    0.0,
                    0.0,
                    0.0,
                    1.0
                ]
            ]
        },
        {
            "fl_x": 1001.5853973611074,
            "fl_y": 992.6659108588594,
            "cx": 919.6896216519608,
            "cy": 440.2416461454533,
            "dist": [
                -0.19461,
                0.074771,
                -0.00051971,
                0.0016094,
                -0.0021628
            ],
            "w": 1920,
            "h": 1080,
            "file_path": "./u_images/004.png",
            "sharpness": 20,
            "transform_matrix": [
                [
                    -0.5683451771292785,
                    0.008402750000448522,
                    0.8227473205221145,
                    3.0419992278943737
                ],
                [
                    0.028001492830352345,
                    0.9995661442772769,
                    0.009134528664897192,
                    -0.20544248377378382
                ],
                [
                    -0.8223136117280077,
                    0.028229718508835072,
                    -0.5683338868655913,
                    -2.6544093856784863
                ],
                [
                    0.0,
                    0.0,
                    0.0,
                    1.0
                ]
            ]
        },
        {
            "fl_x": 1017.2217270154626,
            "fl_y": 1011.1737971306352,
            "cx": 978.0754418134868,
            "cy": 501.207404488317,
            "dist": [
                -0.153,
                -0.0082964,
                -0.0009991,
                0.0003066,
                -0.00051971
            ],
            "w": 1920,
            "h": 1080,
            "file_path": "./u_images/005.png",
            "sharpness": 20,
            "transform_matrix": [
                [
                    0.7670739174350595,
                    0.4360550733953184,
                    -0.4705885444388063,
                    -2.0763650816408163
                ],
                [
                    -0.15585015202008226,
                    0.8381883528651989,
                    0.5226385129670816,
                    2.0771223967016033
                ],
                [
                    0.6223410120714753,
                    -0.32756107535439627,
                    0.7109116728585368,
                    3.3499265915270495
                ],
                [
                    0.0,
                    0.0,
                    0.0,
                    1.0
                ]
            ]
        },
        {
            "fl_x": 1037.8028207411496,
            "fl_y": 1030.4740955649575,
            "cx": 900.0895309867241,
            "cy": 607.9457664240242,
            "dist": [
                -0.17321,
                0.037974,
                -0.0026441,
                -0.00075366,
                -0.0009991
            ],
            "w": 1920,
            "h": 1080,
            "file_path": "./u_images/006.png",
            "sharpness": 20,
            "transform_matrix": [
                [
                    0.6018609741627339,
                    0.5160952059362163,
                    -0.6094334304823943,
                    -2.7283830358512455
                ],
                [
                    -0.1102738965424245,
                    0.8095241016889705,
                    0.5766371445944289,
                    2.0901103671993044
                ],
                [
                    0.7909507162404213,
                    -0.2798507945215099,
                    0.5441327937961874,
                    2.491389754343079
                ],
                [
                    0.0,
                    0.0,
                    0.0,
                    1.0
                ]
            ]
        },
        {
            "fl_x": 1010.6393993952288,
            "fl_y": 1003.4271178736623,
            "cx": 961.0546832051183,
            "cy": 508.56206337289126,
            "dist": [
                -0.19837,
                0.10876,
                0.002482,
                0.0014091,
                0.0
            ],
            "w": 1920,
            "h": 1080,
            "file_path": "./u_images/007.png",
            "sharpness": 20,
            "transform_matrix": [
                [
                    0.9445935970783308,
                    0.2215400571711462,
                    -0.24220433403889757,
                    -1.1280805462801498
                ],
                [
                    -0.11211907406543133,
                    0.9112678200950858,
                    0.3962578368813172,
                    2.0803372581228827
                ],
                [
                    0.3084999993344099,
                    -0.3471468898431262,
                    0.8856166141637776,
                    3.853001563581558
                ],
                [
                    0.0,
                    0.0,
                    0.0,
                    1.0
                ]
            ]
        },
        {
            "fl_x": 1021.5149985860409,
            "fl_y": 1015.2827943905045,
            "cx": 915.9204477505937,
            "cy": 550.7944867539983,
            "dist": [
                -0.15242,
                -0.024233,
                0.00088371,
                0.0047002,
                0.00065447
            ],
            "w": 1920,
            "h": 1080,
            "file_path": "./u_images/008.png",
            "sharpness": 20,
            "transform_matrix": [
                [
                    0.9713585740958153,
                    -0.10691183954276984,
                    0.21220833889393775,
                    1.0630345154861414
                ],
                [
                    -0.018232480613475967,
                    0.8568961843858863,
                    0.5151664836104811,
                    2.0865726414192225
                ],
                [
                    -0.23691791232665912,
                    -0.504280465366734,
                    0.8304041877714055,
                    3.8290215538685155
                ],
                [
                    0.0,
                    0.0,
                    0.0,
                    1.0
                ]
            ]
        },
        {
            "fl_x": 957.1216939972876,
            "fl_y": 950.8652447854519,
            "cx": 992.9229633569926,
            "cy": 519.8627367739804,
            "dist": [
                -0.18208,
                0.037754,
                -0.00072919,
                0.0002572,
                0.00088371
            ],
            "w": 1920,
            "h": 1080,
            "file_path": "./u_images/009.png",
            "sharpness": 20,
            "transform_matrix": [
                [
                    0.9955344087342348,
                    -0.09032372852950683,
                    0.027438387173898862,
                    -0.042410349532776156
                ],
                [
                    0.07130868109895871,
                    0.9100152740956977,
                    0.4083959756320568,
                    1.9518752666608916
                ],
                [
                    -0.06185719866033244,
                    -0.4046156509294475,
                    0.9123923837893626,
                    3.7796954610118862
                ],
                [
                    0.0,
                    0.0,
                    0.0,
                    1.0
                ]
            ]
        },
        {
            "fl_x": 1005.2123234672097,
            "fl_y": 999.2287446750432,
            "cx": 997.5746966261913,
            "cy": 543.8259339452336,
            "dist": [
                -0.15758,
                0.019182,
                0.0019451,
                0.002224,
                -0.00072919
            ],
            "w": 1920,
            "h": 1080,
            "file_path": "./u_images/010.png",
            "sharpness": 20,
            "transform_matrix": [
                [
                    0.795703688449014,
                    -0.30861437560859356,
                    0.5211648562176399,
                    2.0484257846699654
                ],
                [
                    -0.0017240613769009922,
                    0.8592961937992574,
                    0.511475394261032,
                    2.047844270144334
                ],
                [
                    -0.6056836367287828,
                    -0.40788137796401963,
                    0.6832130807509242,
                    3.3428890481790217
                ],
                [
                    0.0,
                    0.0,
                    0.0,
                    1.0
                ]
            ]
        },
        {
            "fl_x": 1001.2212179132617,
            "fl_y": 992.5822914275424,
            "cx": 1002.5558317560273,
            "cy": 635.3431433109747,
            "dist": [
                -0.15965,
                0.026032,
                0.00049567,
                0.00042804,
                0.0019451
            ],
            "w": 1920,
            "h": 1080,
            "file_path": "./u_images/011.png",
            "sharpness": 20,
            "transform_matrix": [
                [
                    0.2179593383669227,
                    -0.6776885169812049,
                    0.7023047776930381,
                    3.1459737442555653
                ],
                [
                    -0.04666966602080613,
                    0.7115450888157261,
                    0.7010888166671374,
                    2.4191433640311724
                ],
                [
                    -0.9748413558585618,
                    -0.18558518403696886,
                    0.12346040002286106,
                    0.9212290098305006
                ],
                [
                    0.0,
                    0.0,
                    0.0,
                    1.0
                ]
            ]
        },
        {
            "fl_x": 997.090578142874,
            "fl_y": 989.4991022703617,
            "cx": 953.6477656427403,
            "cy": 558.996286167712,
            "dist": [
                -0.18206,
                0.036085,
                -0.0013609,
                0.0011854,
                0.00049567
            ],
            "w": 1920,
            "h": 1080,
            "file_path": "./u_images/012.png",
            "sharpness": 20,
            "transform_matrix": [
                [
                    0.5525532572761636,
                    -0.5122270716258112,
                    0.6575015779198923,
                    2.6673452607073527
                ],
                [
                    0.0913494302442893,
                    0.8213311384740712,
                    0.5630900838826143,
                    1.9568161467802268
                ],
                [
                    -0.8284565042701675,
                    -0.25107486546154323,
                    0.5006208470149063,
                    2.4529278380152775
                ],
                [
                    0.0,
                    0.0,
                    0.0,
                    1.0
                ]
            ]
        },
        {
            "fl_x": 1009.6101859360168,
            "fl_y": 1002.9561885143208,
            "cx": 965.7658293030595,
            "cy": 509.9473082860785,
            "dist": [
                -0.19248,
                0.13762,
                -0.002054,
                -5.2402e-05,
                0.0
            ],
            "w": 1920,
            "h": 1080,
            "file_path": "./u_images/013.png",
            "sharpness": 20,
            "transform_matrix": [
                [
                    0.21394985949865802,
                    -0.46427359824151515,
                    0.8594623223832335,
                    3.1233924479909194
                ],
                [
                    -0.06136120544318185,
                    0.8717102010845376,
                    0.48616471261468003,
                    1.9453340831824641
                ],
                [
                    -0.9749155143329419,
                    -0.15675251609154786,
                    0.15801388740204036,
                    0.42051102785085936
                ],
                [
                    0.0,
                    0.0,
                    0.0,
                    1.0
                ]
            ]
        },
        {
            "fl_x": 953.7577478259185,
            "fl_y": 946.8312834248379,
            "cx": 906.2607476881101,
            "cy": 572.334033782746,
            "dist": [
                -0.1824,
                0.095514,
                -0.0014134,
                -0.001725,
                -0.0014753
            ],
            "w": 1920,
            "h": 1080,
            "file_path": "./u_images/014.png",
            "sharpness": 20,
            "transform_matrix": [
                [
                    -0.19981162747929,
                    -0.6299387227581805,
                    0.7505015117199093,
                    2.7408515585352142
                ],
                [
                    -0.12094131788445371,
                    0.775946144915849,
                    0.6190967435050873,
                    1.779420341260683
                ],
                [
                    -0.972341766639924,
                    0.03293608598519941,
                    -0.23122868136874042,
                    -1.6593379792233844
                ],
                [
                    0.0,
                    0.0,
                    0.0,
                    1.0
                ]
            ]
        },
        {
            "fl_x": 935.8505363790684,
            "fl_y": 929.2620163230268,
            "cx": 921.9599289966961,
            "cy": 502.5414918115455,
            "dist": [
                -0.19135,
                0.042232,
                0.0018321,
                -0.0017342,
                -0.0014134
            ],
            "w": 1920,
            "h": 1080,
            "file_path": "./u_images/015.png",
            "sharpness": 20,
            "transform_matrix": [
                [
                    -0.08738398020541416,
                    -0.5261390351512278,
                    0.8458970124628619,
                    2.883469497288685
                ],
                [
                    -0.03783299114659062,
                    0.8502854404565411,
                    0.5249603170988526,
                    1.7928243491113331
                ],
                [
                    -0.9954560285539298,
                    0.01387030777455927,
                    -0.09420673955655877,
                    -0.635301077827927
                ],
                [
                    0.0,
                    0.0,
                    0.0,
                    1.0
                ]
            ]
        },
        {
            "fl_x": 1026.9962943137234,
            "fl_y": 1019.4260047462676,
            "cx": 910.7437370069297,
            "cy": 540.8219592983734,
            "dist": [
                -0.17379,
                0.034527,
                8.2104e-05,
                0.0030226,
                0.0018321
            ],
            "w": 1920,
            "h": 1080,
            "file_path": "./u_images/016.png",
            "sharpness": 20,
            "transform_matrix": [
                [
                    -0.3910841609755049,
                    -0.5498900827057258,
                    0.7380203763961912,
                    2.717280516373946
                ],
                [
                    -0.09166599628242447,
                    0.8211720251379909,
                    0.5632706722849339,
                    1.8867063650975349
                ],
                [
                    -0.9157786436468347,
                    0.1526348651935753,
                    -0.37155359474469324,
                    -2.7927303814838496
                ],
                [
                    0.0,
                    0.0,
                    0.0,
                    1.0
                ]
            ]
        },
        {
            "fl_x": 1044.5602644950625,
            "fl_y": 1038.6763566024813,
            "cx": 898.2077616392062,
            "cy": 539.6253115529439,
            "dist": [
                -0.17016,
                0.031385,
                0.00034616,
                -0.00054705,
                8.2104e-05
            ],
            "w": 1920,
            "h": 1080,
            "file_path": "./u_images/017.png",
            "sharpness": 20,
            "transform_matrix": [
                [
                    -0.6568338937650694,
                    -0.44749437259105274,
                    0.6068921012014885,
                    2.283009225908149
                ],
                [
                    -0.06710373659824158,
                    0.836355711338766,
                    0.5440645298543002,
                    1.9167711748890197
                ],
                [
                    -0.7510434904424453,
                    0.31663529590108375,
                    -0.5793753229588418,
                    -3.7838056606757546
                ],
                [
                    0.0,
                    0.0,
                    0.0,
                    1.0
                ]
            ]
        },
        {
            "fl_x": 1016.9691896381223,
            "fl_y": 1010.5023408523077,
            "cx": 972.5545801439868,
            "cy": 513.8771585369848,
            "dist": [
                -0.15924,
                0.016907,
                0.0022837,
                0.0032514,
                0.00034616
            ],
            "w": 1920,
            "h": 1080,
            "file_path": "./u_images/018.png",
            "sharpness": 20,
            "transform_matrix": [
                [
                    -0.8842871462607773,
                    -0.154928904884982,
                    0.4404920855011027,
                    1.4995479613070204
                ],
                [
                    0.026690667560818296,
                    0.9250387012135329,
                    0.37893404376268186,
                    1.8874441038117655
                ],
                [
                    -0.46618006309057064,
                    0.34684353199724,
                    -0.8138646773810444,
                    -4.486792741910055
                ],
                [
                    0.0,
                    0.0,
                    0.0,
                    1.0
                ]
            ]
        },
        {
            "fl_x": 1071.4861168335267,
            "fl_y": 1064.2999782053819,
            "cx": 997.20802283575,
            "cy": 552.5398250851899,
            "dist": [
                -0.16539,
                0.021986,
                0.00036173,
                0.001144,
                0.0022837
            ],
            "w": 1920,
            "h": 1080,
            "file_path": "./u_images/019.png",
            "sharpness": 20,
            "transform_matrix": [
                [
                    -0.991955084107033,
                    -0.04586556114563671,
                    0.1179892427935895,
                    0.47341598055613354
                ],
                [
                    0.016662752789028023,
                    0.8766392862584549,
                    0.48085955793532764,
                    1.9992373442051727
                ],
                [
                    -0.12548889904569444,
                    0.47895710881984294,
                    -0.8688225504251353,
                    -4.991264556541354
                ],
                [
                    0.0,
                    0.0,
                    0.0,
                    1.0
                ]
            ]
        },
        {
            "fl_x": 991.2711077584543,
            "fl_y": 985.1510856570314,
            "cx": 936.1154012121879,
            "cy": 487.68389022686296,
            "dist": [
                -0.16565,
                -0.010749,
                0.001166,
                0.0010632,
                0.00036173
            ],
            "w": 1920,
            "h": 1080,
            "file_path": "./u_images/020.png",
            "sharpness": 20,
            "transform_matrix": [
                [
                    -0.9271419188017819,
                    0.13188275271682579,
                    -0.35073466030089256,
                    -1.6972581331798062
                ],
                [
                    -0.04103988210650652,
                    0.8946448624223369,
                    0.44488908529879895,
                    1.9291352599915055
                ],
                [
                    0.37245615913451346,
                    0.4268694293073124,
                    -0.8240503017690222,
                    -4.380099064935031
                ],
                [
                    0.0,
                    0.0,
                    0.0,
                    1.0
                ]
            ]
        },
        {
            "fl_x": 1005.0543073385527,
            "fl_y": 997.0991728398687,
            "cx": 1009.5537873226557,
            "cy": 514.2115761235796,
            "dist": [
                -0.17069,
                -0.011344,
                -0.0014897,
                0.0039043,
                0.001166
            ],
            "w": 1920,
            "h": 1080,
            "file_path": "./u_images/021.png",
            "sharpness": 20,
            "transform_matrix": [
                [
                    -0.9948155504252352,
                    -0.004425093441029255,
                    -0.10159940541250431,
                    -0.6621836684103033
                ],
                [
                    -0.02625737671335896,
                    0.9763542990255792,
                    0.21457593747296683,
                    1.9309381365165628
                ],
                [
                    0.09824749767942695,
                    0.21613121320694975,
                    -0.9714086307406486,
                    -4.69767911814018
                ],
                [
                    0.0,
                    0.0,
                    0.0,
                    1.0
                ]
            ]
        },
        {
            "fl_x": 996.7758844802756,
            "fl_y": 989.470778949424,
            "cx": 1013.1746111397205,
            "cy": 532.181512680637,
            "dist": [
                -0.18765,
                0.06941,
                0.00012505,
                -0.0013162,
                -0.0014897
            ],
            "w": 1920,
            "h": 1080,
            "file_path": "./u_images/022.png",
            "sharpness": 20,
            "transform_matrix": [
                [
                    -0.45619971369711065,
                    0.017702573038512994,
                    -0.8897013207422425,
                    -3.545066928269176
                ],
                [
                    0.006689469342803531,
                    0.9998420813656229,
                    0.016464001043812036,
                    -0.20359230551608384
                ],
                [
                    0.8898522755056517,
                    0.0015592428531389449,
                    -0.4562460920809513,
                    -2.1906333372338995
                ],
                [
                    0.0,
                    0.0,
                    0.0,
                    1.0
                ]
            ]
        },
        {
            "fl_x": 989.0138671882968,
            "fl_y": 982.3285658574848,
            "cx": 1014.7151416774984,
            "cy": 511.07712833047924,
            "dist": [
                -0.18182,
                0.036188,
                -0.0011783,
                -0.0017492,
                0.00012505
            ],
            "w": 1920,
            "h": 1080,
            "file_path": "./u_images/023.png",
            "sharpness": 20,
            "transform_matrix": [
                [
                    -0.7452580870419536,
                    0.2692185111391262,
                    -0.610009653168374,
                    -2.495416612662852
                ],
                [
                    -0.09809337199698903,
                    0.86064175365566,
                    0.49967335553816594,
                    1.9101509404307786
                ],
                [
                    0.6595210944835869,
                    0.4322235129242069,
                    -0.6149916753962034,
                    -3.712019957740861
                ],
                [
                    0.0,
                    0.0,
                    0.0,
                    1.0
                ]
            ]
        },
        {
            "fl_x": 993.9545760835587,
            "fl_y": 987.7740110856508,
            "cx": 881.0359923040559,
            "cy": 583.3798846360181,
            "dist": [
                -0.17906,
                0.062504,
                0.00088902,
                0.0014701,
                -0.0011783
            ],
            "w": 1920,
            "h": 1080,
            "file_path": "./u_images/024.png",
            "sharpness": 20,
            "transform_matrix": [
                [
                    -0.4533700149105871,
                    0.5455065688604331,
                    -0.7048958879934621,
                    -2.9844544337037537
                ],
                [
                    0.008135881802798577,
                    0.7933425562329594,
                    0.6087211150412349,
                    1.937088037158138
                ],
                [
                    0.8912852725178764,
                    0.2702409513746404,
                    -0.3641159035154394,
                    -2.8171331586655963
                ],
                [
                    0.0,
                    0.0,
                    0.0,
                    1.0
                ]
            ]
        }
    ]
}